"NB"	"KNN1"	"COMB"	"MLP"	"SVM"
"1"	0.65625	1	0.9	0.947916666666667	1
"2"	0.694736842105263	0.989473684210526	0.9	0.989473684210526	0.989473684210526
"3"	0.729166666666667	0.989583333333333	0.9	0.979166666666667	0.989583333333333
"4"	0.677083333333333	0.989583333333333	0.9	0.96875	0.989583333333333
"5"	0.760416666666667	1	0.9	0.979166666666667	1
"6"	0.694736842105263	1	0.9	1	1
"7"	0.625	1	0.9	0.96875	1
"8"	0.708333333333333	0.979166666666667	0.9	0.979166666666667	0.979166666666667
"9"	0.694736842105263	0.978947368421053	0.9	0.957894736842105	0.989473684210526
