"NB"	"KNN"	"COMB"	"MLP"	"SVM"
"1"	0.694736842105263	1	0.9	0.989473684210526	1
"2"	0.78125	1	0.9	0.979166666666667	1
"3"	0.684210526315789	0.978947368421053	0.9	0.978947368421053	0.978947368421053
"4"	0.645833333333333	0.989583333333333	0.9	0.958333333333333	0.989583333333333
"5"	0.721649484536082	1	0.9	0.979381443298969	1
"6"	0.736842105263158	0.989473684210526	0.9	0.978947368421053	0.989473684210526
"7"	0.71875	1	0.9	0.979166666666667	1
"8"	0.677083333333333	0.989583333333333	0.9	1	0.989583333333333
"9"	0.814432989690722	1	0.9	0.989690721649485	1
